%YAML:1.0
alpha: 7.9078446680867856e+01
beta: -7.6496879255552173e+01
