%YAML:1.0
alpha: 8.1593308043964598e+01
beta: -7.8961443439354142e+01
