%YAML:1.0
alpha: 8.0176763585733212e+01
beta: -7.7092170676311184e+01
