%YAML:1.0
alpha: 8.1672015956104005e+01
beta: -7.9283594956167406e+01
