%YAML:1.0
alpha: 8.0328901201065563e+01
beta: -7.7722324709196457e+01
