%YAML:1.0
alpha: 8.2871124064625207e+01
beta: -8.0213703163973946e+01
