%YAML:1.0
alpha: 8.2952317764153889e+01
beta: -8.0542131684762055e+01
