%YAML:1.0
alpha: 4.1605238428739085e+01
beta: -1.9261751878594495e+01
