%YAML:1.0
alpha: 3.9398168799647536e+01
beta: -1.4995657246544313e+01
