%YAML:1.0
alpha: 3.8743135564030467e+01
beta: -1.5892007854121035e+01
