%YAML:1.0
alpha: 4.1577996445098861e+01
beta: -1.9082172709240325e+01
