%YAML:1.0
alpha: 4.1047184985683593e+01
beta: -1.5583063311614451e+01
