%YAML:1.0
alpha: 4.1612054604959404e+01
beta: -1.9306684115541056e+01
