%YAML:1.0
alpha: 4.1516832528740508e+01
beta: -1.8678980142974172e+01
