%YAML:1.0
alpha: 3.9830640411374290e+01
beta: -1.7959385272646941e+01
