%YAML:1.0
alpha: 4.0581560982448686e+01
beta: -1.7708100638501044e+01
