%YAML:1.0
alpha: 3.9379844124246553e+01
beta: -1.4870078243015534e+01
