%YAML:1.0
alpha: 3.9539227009053654e+01
beta: -1.5962329178742468e+01
