%YAML:1.0
alpha: 4.0763920723548893e+01
beta: -1.8933558147389761e+01
