%YAML:1.0
alpha: 5.4658917806589422e+01
beta: -2.1027545348637808e+01
