%YAML:1.0
alpha: 4.1435559614937297e+01
beta: -1.8143229055809410e+01
