%YAML:1.0
alpha: 4.0679050221598203e+01
beta: -1.8363228351618247e+01
