%YAML:1.0
alpha: 4.1646168403798093e+01
beta: -1.9531562294012655e+01
