%YAML:1.0
alpha: 3.8543246800625766e+01
beta: -1.4494385599807456e+01
