%YAML:1.0
alpha: 4.1530408818734564e+01
beta: -1.8768475053192219e+01
