%YAML:1.0
alpha: 4.8024445371078379e+01
beta: 35.
