%YAML:1.0
alpha: 4.6748828020270743e+01
beta: 35.
