%YAML:1.0
alpha: 5.7104312543150719e+01
beta: -8.2772033743837966e+01
