%YAML:1.0
alpha: 5.9764705882352942e+01
beta: -1.0466400752348058e+02
