%YAML:1.0
alpha: 5.8431101870905749e+01
beta: -1.0283207209246912e+02
