%YAML:1.0
alpha: 4.0639998449707093e+01
beta: -5.4189119522509785e+01
