%YAML:1.0
alpha: 3.2383918085698710e+01
beta: -6.1016985433071547e+01
