%YAML:1.0
alpha: 1.1083122347424661e+02
beta: -1.0108308535351272e+01
