%YAML:1.0
alpha: 3.6556994914925610e+01
beta: 35.
