%YAML:1.0
alpha: 3.7833189653511184e+01
beta: 35.
