%YAML:1.0
alpha: 3.2389693027903618e+01
beta: -6.1026264774018991e+01
